la_rochelle:
  width: 300000
  height: 300000
  step: 1000
  longitude_west: -6.40953
  latitude_north: 46.41813
