min_longitude: -2.250511
max_longitude: -0.802813
min_latitude: 45.670575
max_latitude: 46.378693